,ASIN
0,1467741876
1,1467792446
2,1467780103
3,1512417912
4,1467775738
5,1467737399
6,146772517X
7,1467710342
8,146771612X
9,1467706590
10,822587475
11,805052364
12,080505233X
13,805052321
14,805052267
15,805051856
16,805048138
17,805046909
18,805046259
19,805046232
20,805044752
21,805044736
22,805044728
23,805043705
24,805043691
25,805042407
26,805042393
27,080504180X
28,805041680
29,805041648
30,805041427
31,805041036
32,805041028
33,080504101X
34,805040897
35,805040889
36,805040862
37,805040854
38,805040846
39,805040838
40,805038795
41,805038787
42,805038779
43,805037225
44,805035192
45,805035184
46,805035176
47,805034390
48,805034382
49,805034374
50,805034366
51,805034358
52,080503434X
53,805034331
54,805034323
55,805034242
56,805034056
57,805034048
58,080503403X
59,805034021
60,805034013
61,805031839
62,805031820
63,805030980
64,805030972
65,805030964
66,805030948
67,080503093X
68,805030573
69,805029990
70,805029982
71,805029974
72,805029958
73,805029931
74,805029923
75,805029907
76,805029893
77,805028528
78,080502851X
79,805028498
80,080502848X
81,805028463
82,805028447
83,805028412
84,805028366
85,805028315
86,805028307
87,805028285
88,805028277
89,805028269
90,080502588X
91,805025871
92,805025863
93,805025855
94,080502574X
95,805025731
96,805025707
97,805025693
